# Frame list with one line of data per frame:
#   FRAME_ID, RIG_ID, RIG_FROM_WORLD[QW, QX, QY, QZ, TX, TY, TZ], NUM_DATA_IDS, DATA_IDS[] as (SENSOR_TYPE, SENSOR_ID, DATA_ID)
# Number of frames: 10
11 1 0.9874909692858439 0.028144576242184152 0.12040042006440921 0.097842768027924895 -2.6129015083515452 -0.58304273527291806 0.80673408511396782 1 CAMERA 1 11
12 1 0.99701990208670666 0.01637010808985305 0.055484100534581388 0.05103772126583319 -0.10372774233089881 -0.38371117541859678 0.38079322799721987 1 CAMERA 1 12
13 1 0.99939267303089829 0.0038675330870747192 -0.032495358943925814 -0.011974093998372064 2.4638783309212013 -0.67942518347082803 0.21218456111821105 1 CAMERA 1 13
14 1 0.99036366249110208 0.0080928958494937472 -0.13294079913946125 -0.037961361647617882 3.0106396759842622 -0.39015731895525219 0.29724905441670418 1 CAMERA 1 14
15 1 0.96125357064704497 0.027352671327241368 -0.25808668481451907 -0.09292291112003391 4.1791736194097808 -0.33337413084876949 1.5312226346715974 1 CAMERA 1 15
35 1 0.97430602738161598 0.025232395873001304 0.1852995341896542 0.12551961534142478 -5.3092447804659706 -0.75933443887375951 1.2723137863836935 1 CAMERA 1 35
36 1 0.98858277897088209 0.018343386072976722 0.12966266556949455 0.074533230622316052 -3.0374801139101537 -0.34329850743249168 0.72849011373103068 1 CAMERA 1 36
37 1 0.99913206182041125 0.0084999862990543847 0.037658573370992564 0.015643053636406511 -0.3723434226309485 -0.42816315019588652 0.32910099029466511 1 CAMERA 1 37
38 1 0.99786511507450593 0.014715550316147063 -0.062582505778793235 -0.011493244393271141 0.14651856383015904 -0.096954810990771509 0.38084980916541528 1 CAMERA 1 38
39 1 0.97839173832145843 0.0343819822226476 -0.191732465669852 -0.069326382358489855 1.4553082218819076 0.043940375141071512 1.5200522429022187 1 CAMERA 1 39
