# Image list with two lines of data per image:
# IMAGE_ID, QW, QX, QY, QZ, TX, TY, TZ, CAMERA_ID, NAME
# POINTS2D[] as (X, Y, POINT3D_ID)
1 0.3279862833494256 0.9191643898023987 -0.05936348258329273 -0.2098518510506821 497.722380473349 8.046059436656584 472.9404517833556 1 devide/left/frame_000_left.png

2 0.33848988909151634 0.9164873825356263 -0.05868472778723715 -0.20501603683699313 552.7447331238891 -4.606040101764531 454.9916422979677 2 devide/right/frame_000_right.png

3 0.3373804000269158 0.9149833187470587 -0.02624361069562354 -0.21975273602381679 491.85531337451886 17.058132881802166 466.80314491256706 1 devide/left/frame_001_left.png

4 0.34771619939686255 0.9123659795283882 -0.0254060159261546 -0.21456071036181343 546.7027747328635 7.491033199237073 446.5566325689061 2 devide/right/frame_001_right.png

5 0.3696367397964575 0.902329367702738 0.029311237704775464 -0.2197981895240206 466.9790075993241 82.04908077184339 468.08486828483643 1 devide/left/frame_002_left.png

6 0.3795762276678063 0.899562798266908 0.030340006424061223 -0.21398164260953773 521.6609827170757 77.87921290824364 445.67530614955643 2 devide/right/frame_002_right.png

7 0.4041542483525365 0.8870137206541547 0.07075881033103625 -0.21179989062888108 437.015287417765 145.71135541512828 465.1532391512993 1 devide/left/frame_003_left.png

8 0.4137095847864909 0.8839896679518378 0.0719157366976201 -0.20551100511998768 491.4261143194325 145.56813985309532 441.71958640460116 2 devide/right/frame_003_right.png

9 0.396132449982944 0.885434188495211 0.08233453630592903 -0.22870593356016172 438.56266047209965 155.28513566017688 468.46585348566987 1 devide/left/frame_004_left.png

10 0.40567341817178904 0.8826120236951435 0.08363357846084667 -0.22232975053153303 491.9627286291254 155.72083218194527 442.81555981797123 2 devide/right/frame_004_right.png

11 0.39500650235218 0.8780684188142357 0.10750790199128495 -0.24780590386428983 439.4672981315488 157.12885279153218 465.3594778108737 1 devide/left/frame_005_left.png

12 0.40441549630917917 0.8754325093068003 0.109022742857029 -0.24120545087897452 491.2709980506732 159.27405400128887 436.6981892436752 2 devide/right/frame_005_right.png

13 0.3930638253459285 0.868907939680931 0.1351080779478561 -0.2687854699143927 440.42257499289946 158.8632404576322 461.8761730737103 1 devide/left/frame_006_left.png

14 0.4023170326340572 0.8664838554685385 0.1368601765521015 -0.26194660818386534 490.19892130860603 162.8424590373893 429.99865995197155 2 devide/right/frame_006_right.png

15 0.39015859414445225 0.8571875612498322 0.16618636223518518 -0.29221199369777007 441.21096853723066 160.83572958422332 457.918078325789 1 devide/left/frame_007_left.png

16 0.3992211786597575 0.8550086203382427 0.16820485187459436 -0.28511372724345385 488.3718165868155 166.8283197736291 422.5678597983305 2 devide/right/frame_007_right.png

17 0.39222188508364125 0.8564559549786173 0.16704957216499922 -0.2911007222295926 427.4239413122629 189.1116138393132 458.4091023074186 1 devide/left/frame_008_left.png

18 0.40126894622407927 0.8542532473694282 0.16906864770466704 -0.2839901662352395 474.61454439906424 195.16903272987352 423.1096783381592 2 devide/right/frame_008_right.png

19 0.40674371520884134 0.8355334901069406 0.20643662943083851 -0.30631234888110304 399.4275209730053 236.0107341170549 448.9648092319519 1 devide/left/frame_009_left.png

20 0.4154367197482304 0.833384323676494 0.20874919042361798 -0.29884222665578425 443.7307485524341 244.45426051622727 410.55093720809725 2 devide/right/frame_009_right.png

21 0.41116962442962196 0.807059856948531 0.25648706259526205 -0.3373548783845796 383.278399392239 262.8090756935325 439.1500436525677 1 devide/left/frame_010_left.png

22 0.41943305735497954 0.8051799689534888 0.25923416925401654 -0.3294825844943755 422.4551978770716 273.7809640968074 396.0862444562803 2 devide/right/frame_010_right.png

23 0.42205814126318697 0.7868326446997727 0.2841063756973437 -0.3493492262999087 364.9187466995707 291.3402388137815 432.25046135781264 1 devide/left/frame_011_left.png

24 0.43001995116208747 0.7849896445101197 0.2870948836500952 -0.34124862988204085 401.27860183947286 303.3345003671543 387.04212916265334 2 devide/right/frame_011_right.png

25 0.4499976386143507 0.7811441048884916 0.29228719265115116 -0.31919306015572174 307.19419472875035 315.15047251029057 441.42929839783403 1 devide/left/frame_012_left.png

26 0.457759413851618 0.7788958598032464 0.295112912398007 -0.3109436083079229 345.117262702944 328.26376940426366 397.84516096380344 2 devide/right/frame_012_right.png

27 0.449652683749007 0.7522096558077516 0.3306888790620406 -0.3501970344985671 291.5497409263806 335.3097029163232 428.13119716852935 1 devide/left/frame_013_left.png

28 0.45703539965006085 0.7502413630766824 0.33392853674609285 -0.34168446400467806 324.17655180267207 349.2755514990811 380.6955464269252 2 devide/right/frame_013_right.png

29 0.45038129197093313 0.723409845693171 0.36406488338930965 -0.3758878126243308 282.9525057329704 341.52121133256804 418.5846508054883 1 devide/left/frame_014_left.png

30 0.4573923711467903 0.7216685041224561 0.3676682705347221 -0.3671604987146356 310.58997731211883 355.885534093831 368.190890554885 2 devide/right/frame_014_right.png

31 0.44698698066634707 0.7210235161398307 0.3682512388204372 -0.3804191811611911 268.09740789233973 356.235279350616 411.6654301377788 1 devide/left/frame_015_left.png

32 0.45396878042931355 0.7193529541466906 0.3718932842746293 -0.37167063223690494 294.9800896676003 370.7632138831107 360.91156117527623 2 devide/right/frame_015_right.png

33 0.4622504381667859 0.7111011448154273 0.3721092434149923 -0.37708673434890977 238.54186658850392 387.7881789298103 397.39687467237565 1 devide/left/frame_016_left.png

34 0.46909875935625234 0.7092697972807523 0.37582157923619053 -0.36829451423576914 265.2900555166896 401.755771125775 346.41515801647466 2 devide/right/frame_016_right.png

35 0.4777968240101769 0.66506431567481 0.4094090168089679 -0.4022237038481186 210.2640089661984 399.1552288976689 371.6689358795236 1 devide/left/frame_017_left.png

36 0.48407300617152305 0.6633176400309608 0.4136064478391065 -0.3932082646966334 231.08269105708095 412.0244205302577 317.71839317052263 2 devide/right/frame_017_right.png

37 0.4478146829095091 0.6366659365230638 0.44564153776038234 -0.4421788267934451 207.82440055130357 408.9296233446938 371.0360347215303 1 devide/left/frame_018_left.png

38 0.4537594927778625 0.6355421637356772 0.4502040985840943 -0.4330181872002996 221.06496873762444 422.4610816491874 314.89975709172666 2 devide/right/frame_018_right.png

39 0.2760935729079929 -0.05178058676927121 0.7874894118057004 -0.5485904994863116 -491.02868656762325 32.52974682670349 361.9194439748551 1 devide/left/frame_019_left.png

40 0.2736361398735639 -0.04943187925369194 0.7946103920977785 -0.5396981351077274 -542.5458745979557 12.813880682779526 340.31021827110754 2 devide/right/frame_019_right.png

41 0.28021991397907714 -0.02558806206695147 0.7824309804521021 -0.5555392080834426 -486.94914391543716 48.720354133134876 357.3705484836049 1 devide/left/frame_020_left.png

42 0.278081304819821 -0.023268028114956076 0.7895569172664894 -0.5465613059611752 -538.3397291516754 31.029181570400098 333.7967316881488 2 devide/right/frame_020_right.png

43 0.2723820666964048 0.00914048003229653 0.7564577851874347 -0.5945553637772477 -474.65530191854117 118.22703844920086 339.1528397688883 1 devide/left/frame_021_left.png

44 0.27085734459409694 0.01163762836889031 0.7638383039351195 -0.5857063342041829 -526.3830913249166 103.14278612296515 314.52773447446583 2 devide/right/frame_021_right.png

45 0.27864521264586567 0.025749335577257185 0.7553959064323466 -0.5925123135700419 -472.9292234663738 119.60937217276737 338.38089380020045 1 devide/left/frame_022_left.png

46 0.27729080770017484 0.028167055820404602 0.7627296677592148 -0.5835750841591104 -524.1376778329509 105.6530986081545 312.0633843160349 2 devide/right/frame_022_right.png

47 0.2867772736553748 0.045013568638497696 0.7570958598850224 -0.5852678300557581 -467.02435030501283 154.01247341379303 335.075895059618 1 devide/left/frame_023_left.png

48 0.28559027978703155 0.04731684386273797 0.7643286451722094 -0.5761953059052538 -517.4912091129862 141.4731439825336 306.693575645171 2 devide/right/frame_023_right.png

49 0.28569779360529923 0.0806723622990164 0.7757350198363874 -0.5568697510994827 -435.1154404680103 158.85515159138635 381.1240371961809 1 devide/left/frame_024_left.png

50 0.28469871467889113 0.08291200947888065 0.7825478089283517 -0.5474405605047887 -485.0198528062426 150.7218906056634 350.25181066832795 2 devide/right/frame_024_right.png

51 0.26556212415171954 0.06611970010622999 0.7825304186924942 -0.5592415285856717 -409.6203897387191 159.44112110273247 402.7789024059557 1 devide/left/frame_025_left.png

52 0.2643890456795383 0.0686033572458138 0.7893205302030281 -0.5498773613263934 -461.0546652349259 151.27843892477915 374.5374329024882 2 devide/right/frame_025_right.png

53 0.26057461921011765 0.06250263829483949 0.7841544571317786 -0.5597285729619782 -403.1812082312793 159.5447493792177 407.9410026035084 1 devide/left/frame_026_left.png

54 0.2593582584491994 0.06504606470187914 0.7909379537732705 -0.550381192013271 -454.97183057722503 151.37428914983286 380.360761623181 2 devide/right/frame_026_right.png

55 0.24151352577852145 0.048789771259253885 0.7899696807250148 -0.561461199569227 -378.0783338538282 160.04869268317833 426.73772288159194 1 devide/left/frame_027_left.png

56 0.24013432341912402 0.05155970354385701 0.7967262189963387 -0.5521815241841286 -431.1449614705736 151.85310431029183 401.7085391058244 2 devide/right/frame_027_right.png

57 0.2214874749059509 0.034459201000386776 0.7955440372705728 -0.5629081156720324 -350.97025412324206 160.58252324597112 445.0207154194262 1 devide/left/frame_028_left.png

58 0.21993927153614767 0.03746355455997783 0.8022681567485467 -0.5537047982302208 -405.2340591073192 152.3634580529653 422.7141892022755 2 devide/right/frame_028_right.png

59 0.21610343699401757 0.030634220297139084 0.7969329509489729 -0.563257242082089 -343.55411238554996 160.75552455809904 449.66172235343515 1 devide/left/frame_029_left.png

60 0.21451047286345867 0.033701042857517724 0.8036478555689579 -0.5540754650601545 -398.11462914466307 152.53142241736012 428.09302209517915 2 devide/right/frame_029_right.png

61 0.22398754636093912 0.07909732990236104 0.7856848730942252 -0.571202653765224 -324.04197202024534 181.81879888629797 447.1301112028118 1 devide/left/frame_030_left.png

62 0.22297707276470796 0.08207900082324623 0.7923592402724698 -0.5618817464555812 -377.3792297281378 177.39572190587472 421.7279851874488 2 devide/right/frame_030_right.png

63 0.2248792576517757 0.11196355194501065 0.7832804571003478 -0.5686520975416458 -300.71941711647867 184.07045787709217 456.2813236290094 1 devide/left/frame_031_left.png

64 0.22421302280547478 0.11491357946918362 0.7898234259444017 -0.5591979483934643 -353.129353405807 182.70530298502504 428.6945585750479 2 devide/right/frame_031_right.png

65 0.23393916784035218 0.14033606624687056 0.7784153838009911 -0.5653739864217964 -297.1700635831474 185.31554989611232 455.67096145762014 1 devide/left/frame_032_left.png

66 0.23357913199424118 0.14315829400178612 0.7848731431403774 -0.5558062982121197 -348.1654371226683 185.99504683310235 425.52622995523967 2 devide/right/frame_032_right.png

67 0.22631580683069755 0.11675229469898729 0.7824939182341122 -0.568201834903512 -299.91243932907366 184.34798741838426 456.2252341605418 1 devide/left/frame_033_left.png

68 0.22570143808971826 0.11968231612927846 0.7890231351584865 -0.5587284637772064 -352.10270892057366 183.33403242362678 428.21019657162503 2 devide/right/frame_033_right.png

69 0.24485537205693925 0.13225091085899335 0.6954339914187038 -0.6625157408932068 -313.5285813919305 281.696069435141 333.37162113357 1 devide/left/frame_034_left.png

70 0.2451260460556681 0.13514378543966765 0.7029852281449152 -0.653805129845425 -364.0202073995605 276.9004173294788 302.75639453208385 2 devide/right/frame_034_right.png

71 0.2516462119034435 0.1467299772095061 0.6880882588159097 -0.6645893814246768 -289.08983651568633 263.84059188140844 269.37363842025405 1 devide/left/frame_035_left.png

72 0.25210844908824437 0.1495366657996496 0.6956455239136784 -0.6558638734819198 -338.6511344352958 259.5204488056398 237.2067487944002 2 devide/right/frame_035_right.png

73 0.21870063369509318 0.08380010310252049 0.6913408920575111 -0.6835168955559886 -291.6703659700925 268.16573197294184 258.85099251073365 1 devide/left/frame_036_left.png

74 0.21855904527136583 0.08705380486323676 0.6991479973118193 -0.6751634295811458 -344.9271000808025 260.8296195863205 233.95929906120594 2 devide/right/frame_036_right.png

75 -0.20996480998460226 -0.07886565287108993 -0.6698424563331512 0.7078178233549344 -266.5621958078974 248.8677061522118 191.62273558667567 1 devide/left/frame_037_left.png

76 -0.20995506059182742 -0.08225388751784096 -0.6778786115487458 0.6997383500458075 -320.2938707504006 241.01971306522654 167.9370692829157 2 devide/right/frame_037_right.png

77 -0.24824513664091308 -0.13652877039729913 -0.6439149555529784 0.7107093477668222 -264.06200252108675 241.12739734359698 128.83423847985048 1 devide/left/frame_038_left.png

78 -0.2489639161890467 -0.1394427345695382 -0.651972270804943 0.7024990037808088 -314.07620161951627 234.14081080292823 97.85905207321755 2 devide/right/frame_038_right.png

79 -0.2945518170026771 -0.14291785626572 -0.6655010966137681 0.6707622558453216 -331.4405496706429 203.33535419107318 101.29960479231738 1 devide/left/frame_039_left.png

80 0.29509876993224843 0.14523319781524055 0.6733396706779476 -0.6621462996409072 -378.5278968098898 194.69295406869506 66.40282363149916 2 devide/right/frame_039_right.png

81 0.3111524978317924 0.11345491597555604 0.6741739062797285 -0.6601527468893452 -379.24189473996984 185.98238102398085 78.7538207172184 1 devide/left/frame_040_left.png

82 0.3113159225542896 0.11557855732912155 0.6820781394294992 -0.6515315841632571 -426.2828326216166 174.1591877140171 44.73828104718607 2 devide/right/frame_040_right.png

83 0.32021368269511624 0.04115994606915338 0.7243626259222835 -0.6091533816875597 -432.0118266455268 110.56402171420636 132.08355559812964 1 devide/left/frame_041_left.png

84 0.3192185264723342 0.04312027199851075 0.7320167906928969 -0.6003262385097603 -480.22540608581767 94.28196969942425 101.75139089437084 2 devide/right/frame_041_right.png

85 0.30543199759901163 -0.0450790614931032 0.743946967356668 -0.5926399267838737 -464.29564927271514 64.42160584120136 163.31658210096245 1 devide/left/frame_042_left.png

86 0.30339450894769787 -0.04297206287139286 0.7516450722299367 -0.5840675124892801 -513.9189770804098 42.12005059995086 139.86747450632703 2 devide/right/frame_042_right.png

87 0.3146413717991484 -0.17780514996225663 0.7742453527467437 -0.5195481397804442 -517.1714326454055 -100.12513165441952 231.8953062032653 1 devide/left/frame_043_left.png

88 0.3108381404566264 -0.1760293584748007 0.7816669534539632 -0.5112632289441678 -563.2373439048246 -133.2267649759114 214.80998012612864 2 devide/right/frame_043_right.png

89 0.35614899227631 -0.14408700224101317 0.7682306492627999 -0.512072749342341 -543.7095824488474 -106.259676543936 194.81825830489367 1 devide/left/frame_044_left.png

90 0.35269667662046394 -0.1428001258234684 0.7756591992816152 -0.5035533585782991 -587.8341082952774 -138.4317192199585 171.8469595877297 2 devide/right/frame_044_right.png

91 0.3382474922313938 -0.2009131202496987 0.7871125014146324 -0.47505416767722763 -526.6644913219857 -156.10037649263705 244.9989382644853 1 devide/left/frame_045_left.png

92 0.33399373998318305 -0.1995485519089321 0.7942594738700993 -0.466669524664604 -570.0614935635292 -191.57077436807953 225.809208019416 2 devide/right/frame_045_right.png

93 0.29462178407259104 -0.3096814274007838 0.7929215774393247 -0.4342473833013039 -507.48965472353683 -237.84915638757104 331.489781461272 1 devide/left/frame_046_left.png

94 0.2890780692983021 -0.3080296617258096 0.7997996113844318 -0.42646474529222383 -547.6630451108547 -280.16543417627975 321.2366836479153 2 devide/right/frame_046_right.png

95 0.272791147673454 -0.2575210855966674 0.8028381298767503 -0.4633776186223458 -506.6243719705193 -192.4986201434609 370.4218286826461 1 devide/left/frame_047_left.png

96 0.26784078246516463 -0.2554754900924308 0.8097413731625998 -0.45531582203919535 -551.540204320819 -229.69738951398813 360.0048119565698 2 devide/right/frame_047_right.png

97 0.22288535228495987 -0.09311728018097419 0.7900053280633017 -0.563509426274399 -443.54219580972676 25.70385878714258 413.41555952629255 1 devide/left/frame_048_left.png

98 0.22003998835966448 -0.0901340061372609 0.7971669277759577 -0.5549622993686761 -497.3850092522921 5.210538749806851 399.60723050683123 2 devide/right/frame_048_right.png

99 0.220148820588509 -0.11096760476071763 0.7932628433493613 -0.5567357980662321 -450.4803720008449 24.806706089695 425.4829617731885 1 devide/left/frame_049_left.png

100 0.21708029200015333 -0.10797584453025336 0.8004002649270467 -0.5482488301198827 -504.09646375949524 2.911441118360294 413.00871821951773 2 devide/right/frame_049_right.png

101 0.15417921684060704 -0.2851451914524556 0.7678340807098765 -0.5525864759351051 -460.33799727640053 9.882996630046108 438.5731885688633 1 devide/left/frame_050_left.png

102 0.1494124679243106 -0.28156001657851204 0.7751974019704602 -0.5454070585088936 -509.0428148079199 -23.35662374325686 444.2883493306763 2 devide/right/frame_050_right.png

103 0.1374169270049339 -0.3250831598464845 0.757577267265801 -0.549103097313088 -461.5831105808324 7.022492583237394 442.1682861047108 1 devide/left/frame_051_left.png

104 0.13227341396236048 -0.32137161810764614 0.7649586607772597 -0.5422750910151383 -508.04129317282855 -28.367341469240472 452.1127112696001 2 devide/right/frame_051_right.png

105 0.10106728873156103 -0.36183231106930785 0.7565965534479334 -0.5351863573797478 -419.38415338168426 7.759690277026749 476.9326801066433 1 devide/left/frame_052_left.png

106 0.09550295748557056 -0.3578096522616213 0.7637837446742132 -0.5286641932563271 -463.8071050211884 -28.377795556474716 492.11089347782166 2 devide/right/frame_052_right.png

107 0.07903317504353653 -0.3965083835306582 0.7487344730857535 -0.5252918691979168 -403.52614529986516 5.756803470294045 491.0663544808222 1 devide/left/frame_053_left.png

108 0.07311446811630887 -0.3923273231171431 0.7558305397729423 -0.5190893383940268 -445.29953378510777 -31.67752977316448 510.1280801359657 2 devide/right/frame_053_right.png

109 0.06061589908639777 -0.4197834657740765 0.7443135204644559 -0.515853601222731 -384.39802538980246 4.869215696808112 505.23064614883225 1 devide/left/frame_054_left.png

110 0.05444623655530444 -0.41546878048898 0.751302151836487 -0.509868979650486 -424.194680688832 -33.22197165160551 527.0247359272914 2 devide/right/frame_054_right.png

111 0.04735414825405172 -0.4489935131876312 0.7330551083941208 -0.5087166380371742 -382.87994425601545 2.7436350419639552 509.072623285516 1 devide/left/frame_055_left.png

112 0.040911502642221674 -0.44461019199389273 0.740004810997417 -0.5030317145343687 -419.86165187943726 -36.52577673367582 533.5667302487071 2 devide/right/frame_055_right.png

113 0.026172563736539485 -0.47810951533666735 0.7239258796550069 -0.49664636213076047 -363.68864457339356 2.470313828560151 522.6404046613934 1 devide/left/frame_056_left.png

114 0.01943199734917896 -0.4735915450594495 0.7307474882294457 -0.4912652586674344 -397.62214719994074 -37.53251629918747 550.171943977929 2 devide/right/frame_056_right.png

115 0.08049137432067702 -0.6472200834043389 0.7206747251160296 -0.23506433773965876 -235.26574962978813 -312.0770513272757 593.5912492910485 1 devide/left/frame_057_left.png

116 0.07113579470851229 -0.6445023295694041 0.725598502340275 -0.2303546380960227 -245.71015283923384 -368.64109290731443 607.7728682960644 2 devide/right/frame_057_right.png

117 0.06222149149296196 -0.6742260684625647 0.7029999783068658 -0.21757464259984524 -208.809517323644 -310.74221293240026 604.2173155252998 1 devide/left/frame_058_left.png

118 0.052612096992140575 -0.6714581076981787 0.7077467226690891 -0.21323825502858054 -215.20525393804638 -367.6146676327197 619.5246054680873 2 devide/right/frame_058_right.png

119 -0.01985993120945336 0.7141784173044867 -0.6785303503750122 0.1707376203675615 -130.10170496127452 -334.8774869369755 631.3083300275232 1 devide/left/frame_059_left.png

120 -0.009798484388714612 0.7112704590664376 -0.6827247983560547 0.16698854293869192 -129.96338569583833 -391.88159984581455 647.4392523548547 2 devide/right/frame_059_right.png

121 -0.013993223857149704 0.7461459548824241 -0.6468056807979022 0.15720310107068936 -126.08335984032814 -336.48539731346693 633.1896640951452 1 devide/left/frame_060_left.png

122 -0.0037051436674670245 0.7433442976013075 -0.6509403317687038 0.15395522599402797 -120.38265816382464 -393.2003773029812 649.3330132228128 2 devide/right/frame_060_right.png

123 0.01614578037125232 0.7641932827065692 -0.6215178163199042 0.1716494813254581 -124.52032446274322 -284.8705984788282 648.7813112970608 1 devide/left/frame_061_left.png

124 0.026451572776780518 0.7610930371469226 -0.6257217993361956 0.1688488464265643 -115.55040281515383 -339.9044510455857 668.7940635607993 2 devide/right/frame_061_right.png

125 0.023499959790517083 0.783791994923844 -0.5986592437399171 0.16347773691819753 -121.63347633212857 -280.50539589128863 651.1063657020861 1 devide/left/frame_062_left.png

126 0.033927891379887935 0.7807286280309053 -0.602810346441024 0.16103227559451458 -108.9893325472211 -334.76152611906315 671.2581059873969 2 devide/right/frame_062_right.png

127 0.042743530979351914 0.8058604967046942 -0.5683242619282342 0.16052845141596708 -118.17618683739533 -255.70804102951547 657.9027959973934 1 devide/left/frame_063_left.png

128 0.05326569316160005 0.8027104906647802 -0.5724292476800776 0.15856667527933613 -101.16598348505386 -308.2212761595558 679.4134397339798 2 devide/right/frame_063_right.png

129 0.048745159694492585 0.8282610391731184 -0.5387975419871235 0.14596153309299717 -113.87851648491537 -257.06943641609473 658.8645048167765 1 devide/left/frame_064_left.png

130 0.05940839222377109 0.8252141822702818 -0.5427993995974028 0.14443340371976235 -92.39663997318422 -308.2223059806325 679.6396725109585 2 devide/right/frame_064_right.png

131 0.1218555452259997 0.8738884343158307 -0.46918016851400307 0.0366087413041188 51.75171900610533 -234.86572698248165 670.6863752377677 1 devide/left/frame_065_left.png

132 0.13302197683933353 0.8708275475325917 -0.4718569621990986 0.03627041990887308 84.75581957512767 -282.02795461307556 684.6916708941674 2 devide/right/frame_065_right.png

133 0.13887885070026507 0.8826627606874177 -0.4489545923941897 0.007673961949791208 93.48705441955919 -227.74694524352898 668.0610046188465 1 devide/left/frame_066_left.png

134 0.15013579098037455 0.8796285141237259 -0.451280912241641 0.007645891284577478 129.05960121978572 -273.6733969101336 679.6820900816589 2 devide/right/frame_066_right.png

135 0.21135027034623297 0.9220823974257947 -0.312031052261644 -0.0879303019815369 196.37452357618423 -139.2631329158312 651.1549060729815 1 devide/left/frame_067_left.png

136 0.22268194085553444 0.9191999904286252 -0.31316226249912776 -0.0861018475948967 244.04853578688179 -174.40255751945705 652.6054487761157 2 devide/right/frame_067_right.png

137 0.22239161026084311 0.9301245068498952 -0.2532188734354168 -0.14591290408639992 247.64039463823502 -135.1258412788004 633.5819563470909 1 devide/left/frame_068_left.png

138 0.2337207119185224 0.927596619975743 -0.25372644556172197 -0.14339466605313594 297.98067927493304 -165.7227606123986 627.3066917420904 2 devide/right/frame_068_right.png

139 0.24679092025760396 0.9194877486280109 -0.21772216618938478 -0.21501995291413953 345.5825319111631 -118.08564953333682 593.0231054717372 1 devide/left/frame_069_left.png

140 0.2580697320983476 0.9171520197415712 -0.21736360585090278 -0.2120972628539484 395.3874115376635 -146.8710126126698 578.8607782034511 2 devide/right/frame_069_right.png

141 0.27646800590925147 0.9111434023141085 -0.17149990715729654 -0.2529247397410373 391.7312605989749 -71.38368927339539 566.0848314211548 1 devide/left/frame_070_left.png

142 0.28756548693965706 0.908832945623153 -0.1705827620775211 -0.2494599946947504 441.77084782306855 -96.76623610532343 547.0727115330264 2 devide/right/frame_070_right.png

143 0.29208389887379893 0.9047837263067502 -0.1279801284261856 -0.28226670253001734 414.17017214591647 -38.90055570136515 548.4159265700794 1 devide/left/frame_071_left.png

144 0.3030059661473949 0.9025949855978878 -0.12666625668381384 -0.2783259525634338 464.0147111466337 -60.83965958955994 525.0944272987582 2 devide/right/frame_071_right.png

145 0.2957837470788493 0.901471052172083 -0.08632402567552222 -0.3039902624278034 416.03820125174195 -20.584846790182674 542.6740431952275 1 devide/left/frame_072_left.png

146 0.3065463750273295 0.8994853682364224 -0.08475892161115929 -0.29961862007142454 465.4933988521972 -38.83089238802543 515.6377726274396 2 devide/right/frame_072_right.png

147 0.3061020761843346 0.8959925247406119 -0.05335978247165552 -0.31725643914530927 412.39620190027273 -10.170046332206656 534.0255422144493 1 devide/left/frame_073_left.png

148 0.31669528121705387 0.8940723978035865 -0.05159218371226051 -0.31253302692739043 461.4389936423181 -25.597476468085404 504.58927795720683 2 devide/right/frame_073_right.png

149 0.3145691817236583 0.8864854936201005 -0.007310884460325138 -0.33931733006028797 410.9425877911444 18.667478625048002 526.9408220224539 1 devide/left/frame_074_left.png

150 0.32491861093703 0.8847355420189663 -0.005245715754394341 -0.3341308118407831 458.63485968982843 7.125519707541557 493.745565413085 2 devide/right/frame_074_right.png

151 0.31023070124863594 0.8816479672192192 0.017451025127121225 -0.3551749366481406 411.89258822202027 20.893739130683926 523.8085129405766 1 devide/left/frame_075_left.png

152 0.32046581049436196 0.8801007615207594 0.019674739993781352 -0.34976737766828436 458.29261448321785 11.553225804336272 488.17865117219816 2 devide/right/frame_075_right.png

153 0.3199881318917014 0.8667685200893316 0.0620542077423345 -0.37745092837623323 408.3834227885742 40.57503220617316 512.443933048591 1 devide/left/frame_076_left.png

154 0.3299311183339384 0.8653746754038395 0.06460179644586712 -0.3716163831434005 452.44468513588237 34.67562735087726 473.2840446602381 2 devide/right/frame_076_right.png

155 0.33241088404716795 0.8537054015392619 0.09107218711524982 -0.390379236491534 403.16658111254515 58.12729935429165 502.73253945392315 1 devide/left/frame_077_left.png

156 0.34212305015344036 0.8523410688177402 0.09385421318070471 -0.3842628106238878 445.5069523642399 54.134365126640766 461.4888233944363 2 devide/right/frame_077_right.png

157 0.3600273603348428 0.8382639197879472 0.11133739587728304 -0.39407852627533047 392.13744621647413 79.03021638114282 487.89772885308736 1 devide/left/frame_078_left.png

158 0.369493631112129 0.8366986834223971 0.11433837173166016 -0.3877325192404604 433.56685225077877 75.64105117117182 445.6862073133761 2 devide/right/frame_078_right.png

159 0.3782721830730881 0.8260970285329702 0.1267144830469683 -0.39801670159461483 383.34172781717996 88.75466549104911 476.5908539754407 1 devide/left/frame_079_left.png

160 0.3875511487151547 0.8244128844182947 0.12988202539117394 -0.391507551159563 423.9082526919722 85.80842864879263 433.5168313640633 2 devide/right/frame_079_right.png

161 0.4048285567413139 0.8085795971098476 0.14454578860594713 -0.40177031968614346 371.00604081355755 101.16823977289292 459.81397346940344 1 devide/left/frame_080_left.png

162 0.4138518284357972 0.8066978717761342 0.14793490674886123 -0.39507021038975965 410.5492023722463 98.4017373084666 415.7869418418792 2 devide/right/frame_080_right.png

163 0.4025336161129577 0.787595072766776 0.18632932415837578 -0.427717280702108 400.4590508677933 101.19829271691324 432.9056913654777 1 devide/left/frame_081_left.png

164 0.4112277396552383 0.7860003239256408 0.19004395133684396 -0.4206881665641556 435.80084573666863 100.92269237196223 385.36017364014987 2 devide/right/frame_081_right.png

165 0.4241544089203956 0.7773244707062277 0.1916639515858203 -0.4232311830396964 391.5930866554818 133.73757917809203 426.02350011135866 1 devide/left/frame_082_left.png

166 0.43270016760681296 0.7755023756688127 0.19546800437001594 -0.416123646952041 427.04999195723695 132.96306202786695 378.56928359185815 2 devide/right/frame_082_right.png

167 0.4619914091905531 0.749997102483613 0.21103866687357997 -0.42371094532066805 371.6545462519739 194.99521561082423 407.2751028319859 1 devide/left/frame_083_left.png

168 0.4701605859950614 0.7478505864510735 0.21511614820580993 -0.41640553130651586 405.9532405893222 193.58939345722007 358.99137983241957 2 devide/right/frame_083_right.png

169 0.4886697594921637 0.7171788306237393 0.23851521868956585 -0.435851903192478 351.4733502380878 244.74591937040023 386.3056774347193 1 devide/left/frame_084_left.png

170 0.4964065650660371 0.7149062871561496 0.2429521782094504 -0.428326699900007 382.9131340927195 242.95497654521284 336.1257293394471 2 devide/right/frame_084_right.png

171 0.4789785276764034 0.7080126691922042 0.25486982771447114 -0.4520387164934783 349.7020494028326 239.8402911729939 387.67288876974953 1 devide/left/frame_085_left.png

172 0.48659728124672974 0.7059723815524596 0.2594584266713733 -0.44441805453610345 378.5051014817562 238.7418865170629 335.91506449144447 2 devide/right/frame_085_right.png

173 0.48596492448501816 0.7243558380389001 0.24069450416430316 -0.42569104727998874 306.7902710061588 237.24713601399193 415.8529842115589 1 devide/left/frame_086_left.png

174 0.4937323809803261 0.7220700782210452 0.24498910170345609 -0.41811897607724674 339.108117839133 236.56871562281012 366.2063207010419 2 devide/right/frame_086_right.png

175 0.4801021811075217 0.7125209793067285 0.2577179395065172 -0.44203757012283046 306.04913263269697 237.7953088234797 413.04704235522286 1 devide/left/frame_087_left.png

176 0.4877209608182376 0.7104308732115988 0.2621927685349578 -0.4343629713664765 335.6889094437661 237.59320588812608 361.752428009594 2 devide/right/frame_087_right.png

177 0.4739267722612299 0.7001651094422752 0.274531204294159 -0.4580336798997843 305.1422355581033 238.35179252979566 410.27160664738244 1 devide/left/frame_088_left.png

178 0.4813913137805866 0.6982715857497981 0.2791828934379109 -0.4502622653106737 332.02003242413497 238.60360585451744 357.47752268382555 2 devide/right/frame_088_right.png

179 0.4502082168030294 0.7043796283617667 0.28373725266269095 -0.46973936616319917 309.5989089120923 264.7578787859364 414.72743763114215 1 devide/left/frame_089_left.png

180 0.4577136016230048 0.7028181660233206 0.28838370264207885 -0.46193043247588544 334.67400422707277 266.5194361243192 361.08201670296324 2 devide/right/frame_089_right.png

181 0.4516277247772721 0.703541737342004 0.2837814544545656 -0.46960569432019295 307.63443168602663 270.26408686346116 412.6243060501918 1 devide/left/frame_090_left.png

182 0.459123651786126 0.7019651032804087 0.2884360122443358 -0.4617955532350679 332.71506120802104 271.9341384538016 358.9785454875963 2 devide/right/frame_090_right.png

183 0.4591432258856163 0.6990907922532276 0.28398316772750615 -0.4688423218498473 298.0112483811197 293.1244581936571 401.97471311678083 1 devide/left/frame_091_left.png

184 0.4665888932686702 0.6974334627943346 0.2886801251356826 -0.46102619774224063 323.12921813603214 294.3099572627007 348.333526858255 2 devide/right/frame_091_right.png

185 0.4696967817071198 0.6927089938288071 0.28423240778724745 -0.46770837226429873 287.3221974243915 311.81961808716176 389.522837694318 1 devide/left/frame_092_left.png

186 0.4770704601485089 0.6909379518028486 0.28898870044444475 -0.45988482669860453 312.5008836486695 312.3214206843487 335.8993668065988 2 devide/right/frame_092_right.png

