# Frame list with one line of data per frame:
#   FRAME_ID, RIG_ID, RIG_FROM_WORLD[QW, QX, QY, QZ, TX, TY, TZ], NUM_DATA_IDS, DATA_IDS[] as (SENSOR_TYPE, SENSOR_ID, DATA_ID)
# Number of frames: 76
39 1 0.96863713704895349 0.087710683320285004 0.11381322960845558 0.20272020502946617 -0.72554003415769219 -1.1365574058628842 1.0287441818601437 1 CAMERA 1 39
40 1 0.96257011323780706 0.091185917807934946 0.14693631735869661 0.20869505057845611 -2.114875154747816 -1.1779404024251932 1.113931058775288 1 CAMERA 1 40
41 1 0.97429233061646692 0.086662575528133709 0.094210740639678117 0.1853871323821781 -0.63501743534002131 -1.1986786053402085 1.4009171893226187 1 CAMERA 1 41
42 1 0.96892470038719536 0.089834958948860552 0.1274649368364093 0.19200858055704276 -1.9957672419125503 -1.2379309844688735 1.4870148823491363 1 CAMERA 1 42
43 1 0.98524586840263051 0.057134641503798551 0.07605200968351962 0.14227544889711893 -0.51490977929112747 -0.66447984788514891 1.6691265271438349 1 CAMERA 1 43
44 1 0.9808137903903672 0.060056865714749205 0.11002834698147207 0.14930252617128181 -1.8671432339649585 -0.68515137497791534 1.7518537144976969 1 CAMERA 1 44
45 1 0.98698007256276354 0.060998585614935347 0.060268747603258462 0.13607787101257246 -0.50129129280568785 -0.79472331820281716 2.0236879618622026 1 CAMERA 1 45
46 1 0.98317834577950736 0.063850588456643292 0.09448637343773858 0.14267364149903849 -1.834835882321846 -0.81598693343057493 2.1037365464182014 1 CAMERA 1 46
47 1 0.98783535425650615 0.069519064095448252 0.041711179374763728 0.13269736291042977 -0.30579617937274717 -0.017794360602010912 2.1933878589136082 1 CAMERA 1 47
48 1 0.98470409624801014 0.07234481370052194 0.076305523536479236 0.13892997459457906 -1.6363290836897122 -0.041328746255746139 2.2275498913408613 1 CAMERA 1 48
49 1 0.98653797437456081 0.10868994982093294 0.019243043308242815 0.12066078571391226 0.24691000126420765 -0.092960210564334886 3.4506239580438316 1 CAMERA 1 49
50 1 0.98439178615010936 0.1106246136380756 0.054082802955175813 0.12573804771084812 -0.99826597395333438 -0.11852684241479183 3.4420364278504398 1 CAMERA 1 50
51 1 0.98583355237886217 0.11216510271977413 0.044097922507416981 0.11664720299460976 0.71834145281814177 -0.10012699998649086 3.3939849090957286 1 CAMERA 1 51
52 1 0.98289349336548226 0.11378800054919498 0.078093626870366223 0.12195924349161553 -0.51617748661810037 -0.11406751335110848 3.39919159413098 1 CAMERA 1 52
53 1 0.98556693733709044 0.11307465162172543 0.050281332633594612 0.11551503268926887 0.83043314340070307 -0.102193460018371 3.3811090993078707 1 CAMERA 1 53
54 1 0.98242674015034348 0.11452637383771463 0.083951097981602912 0.12113473110894685 -0.39873017782635889 -0.11711423488109324 3.3912371638286865 1 CAMERA 1 54
55 1 0.9841686723945704 0.11639568573327129 0.073396503847295277 0.11170059016309829 1.2670851424901359 -0.11368720887828702 3.3166656488804107 1 CAMERA 1 55
56 1 0.98031125613865555 0.11747502295602259 0.1063654048809725 0.11779584336401824 0.048947504728797511 -0.1155088616130325 3.3277105932065325 1 CAMERA 1 56
57 1 0.98215667377476212 0.11978566958846563 0.097072729096192426 0.10768726380940245 1.722968276504075 -0.12669201320850762 3.243625656730154 1 CAMERA 1 57
58 1 0.97757133735575263 0.12048964761689623 0.12992006665968522 0.1138301430939293 0.50486132677852225 -0.11652959744002704 3.2417051744197214 1 CAMERA 1 58
59 1 0.9814946329870754 0.12063184107729767 0.10340369684896515 0.10688273861496514 1.8438699809400192 -0.12812509276551665 3.2153233074711318 1 CAMERA 1 59
60 1 0.97674285569690145 0.12127980529829804 0.13612413023456121 0.11284867673018126 0.62682498954004628 -0.11512170873412081 3.2122769514164196 1 CAMERA 1 60
61 1 0.98763929594671096 0.12002011388377536 0.065349786400655724 0.076767172558324534 2.1620942105761447 -0.37833718596252508 3.9878263594797585 1 CAMERA 1 61
62 1 0.9843666615956449 0.12009983863560629 0.098774431287261003 0.082715875275697237 0.98646615236521096 -0.36373535239621235 3.9715797371165191 1 CAMERA 1 62
63 1 0.98917177839536496 0.12887264435300402 0.041446981793531998 0.056684936833535857 2.5095070550146277 -0.78088916115050155 4.6306473909177486 1 CAMERA 1 63
64 1 0.98687148120294599 0.12843161573341061 0.075396711273770747 0.062492684351920229 1.3727259957708469 -0.76595588354338051 4.5979058560805965 1 CAMERA 1 64
65 1 0.9899248756986172 0.13339997491889541 0.016578224456823436 0.044478642499234659 2.5147648755558074 -1.0411720179547543 5.0946888921004687 1 CAMERA 1 65
66 1 0.98854332736372807 0.13282453529419855 0.051027937030354249 0.050357545521555656 1.4025533189108825 -1.029457718689039 5.0598135823264512 1 CAMERA 1 66
67 1 0.98932211382574642 0.12972173280220711 0.037646173254630703 0.054742970082304256 2.5225931222329132 -0.82145504736178721 4.7115599089019069 1 CAMERA 1 67
68 1 0.98719734129626369 0.12910587066236603 0.071789020835301545 0.060161615550194149 1.3880849145791958 -0.81270764473500812 4.6717940782927148 1 CAMERA 1 68
69 1 0.99971381125066394 0.016269141833340675 0.008945434589725321 0.015086080295414955 2.0630413078791165 0.40285699240625655 3.8321659172445925 1 CAMERA 1 69
70 1 0.99864538527584468 0.016335033604659752 0.044529029374910413 0.021394548074751642 0.82795300394190308 0.43645702999345204 3.7604991854826784 1 CAMERA 1 70
71 1 0.99986893429640911 0.013089651823712488 -0.0062542920929333232 0.0071874247483871912 2.7356483075233946 -0.20721802678667361 2.6026207295981152 1 CAMERA 1 71
72 1 0.99939146368856624 0.012465060830440191 0.02901981523433551 0.01480455634876468 1.4224170691299116 -0.17794047004845326 2.5633825663294862 1 CAMERA 1 72
73 1 0.99796748794367318 -0.007822650066961867 0.060159648673765914 0.019506814829016509 2.8845254340348485 0.12455023488020156 1.1323434140832185 1 CAMERA 1 73
74 1 0.99509316862626662 -0.0077607011104968279 0.094746931222244882 0.027429478587412962 1.4799870775297914 0.19383890881455729 1.0625620825932751 1 CAMERA 1 74
75 1 0.99704317041838941 -0.035161030975637816 0.068186859385486881 0.0043784049516336424 3.4583553294749643 -0.68205099138486192 -0.20610586536332964 1 CAMERA 1 75
76 1 0.99399464042965224 -0.035860219598992965 0.10246392711782018 0.013778355744880844 1.9769040229877002 -0.59475568630409292 -0.29143108701350828 1 CAMERA 1 76
77 1 0.99884946622947435 -0.046438936082021078 -3.1510242927016829e-05 -0.011965284608775741 3.4492036049522254 -1.1254607695766887 -0.12949007126989445 1 CAMERA 1 77
78 1 0.9982681761701383 -0.047455234642039545 0.034722456654602774 -0.0017320955181647044 1.9521491795478916 -1.0688946108079604 -0.22290063101418536 1 CAMERA 1 78
79 1 0.99873361723771825 -0.01718031065952515 -0.035775142291999379 0.030921479894928328 2.4780020659981998 -1.1939748439627091 -0.63290620760271743 1 CAMERA 1 79
80 1 0.99902986605180133 -0.016636848094142617 -0.00015525707491859797 0.040773985790611103 0.91805139335816321 -1.181073805021575 -0.57613235293317899 1 CAMERA 1 80
81 1 0.99734821761414294 -0.01741319954953599 -0.026338309608298947 0.065571386673743487 1.866210023258579 -0.89824972655492163 -1.5549497961754686 1 CAMERA 1 81
82 1 0.9970285647746534 -0.015574435317420797 0.0092250209988506762 0.074875743572329068 0.23696580708879383 -0.87835799367212042 -1.5008814376721185 1 CAMERA 1 82
83 1 0.98968182295902463 0.023330479251712756 0.019686641294289983 0.13999290766655728 1.3281703473321889 -1.0145211135265269 -1.8802714772725253 1 CAMERA 1 83
84 1 0.98696886796299377 0.026920265726847702 0.053986671421522463 0.14917503904429549 -0.30382547958561779 -1.0151930006235232 -1.8405879684484079 1 CAMERA 1 84
85 1 0.97680230595851836 0.026151774799894188 0.087153739729310439 0.19384933685760317 0.76947513579261573 -0.78476483501665761 -2.7851790654698823 1 CAMERA 1 85
86 1 0.97138163426116431 0.03023706366269354 0.1209940415969981 0.20214816966569799 -0.90890338692544315 -0.80204144899340823 -2.7812951179382699 1 CAMERA 1 86
87 1 0.9340737182287614 0.063009685870927049 0.14715542739821758 0.31918857841093146 -0.65714722143769311 -1.4992347375353887 -3.2845229380117109 1 CAMERA 1 87
88 1 0.92534341872077119 0.059414235325260127 0.19651668577565093 0.31873295763479537 -2.5288910144959402 -1.6808418428868188 -3.2047567048959302 1 CAMERA 1 88
89 1 0.93833851583734174 0.050477275395185428 0.11055921881618896 0.32365032596864102 -0.95829320211853364 -1.6487373043036142 -3.0501134216622585 1 CAMERA 1 89
90 1 0.93174599386012957 0.060152808516156731 0.14587284205517814 0.32703540558166344 -2.7185508318638454 -1.6732745542995355 -2.8996413363278877 1 CAMERA 1 90
91 1 0.91466989193844528 0.075697806796174175 0.15930620707665907 0.36368992729303168 -1.1403174097685485 -1.6750949319329564 -3.1016241671921203 1 CAMERA 1 91
92 1 0.90721173171331448 0.084058842440007747 0.1924670344616109 0.36449612548685389 -2.8728894686695288 -1.7233021645987103 -2.9251075114808476 1 CAMERA 1 92
93 1 0.86839383797079273 0.083841323584868593 0.25195442863993622 0.41878603190963448 -2.241246610241014 -2.170654348104756 -3.2023252498844252 1 CAMERA 1 93
94 1 0.85781536337314612 0.094123267531670898 0.28496489081778892 0.41723928850404829 -3.9806608163336352 -2.2276118443893105 -2.9446491810712225 1 CAMERA 1 94
95 1 0.89641784328988827 0.093750507936557995 0.24007251361794169 0.36057049338278624 -2.0057297139748624 -2.438117319880666 -1.8589399790880459 1 CAMERA 1 95
96 1 0.88578958600866942 0.10064040040942641 0.27219567357614832 0.36215719571816823 -3.6190849501649294 -2.497669105639766 -1.6432602525926148 1 CAMERA 1 96
97 1 0.96287072968610576 0.080001113583356417 0.17676263364656908 0.18770921950052963 -0.24542794114711414 -1.5814985241352828 1.0704157889644579 1 CAMERA 1 97
98 1 0.9549060633031915 0.082396458896402264 0.21057709112565789 0.19241237621626894 -1.637088047924026 -1.6143511997705544 1.1422952643450786 1 CAMERA 1 98
99 1 0.95774136580800806 0.081613548392822186 0.18958282706508428 0.20032238172743991 -0.47612114688581486 -1.2689431191117628 1.0124024077516134 1 CAMERA 1 99
100 1 0.94915554975812477 0.084367021178994223 0.22315742278558279 0.20539404265078368 -1.8692973423674741 -1.3060788084660888 1.097993866335393 1 CAMERA 1 100
101 1 0.90166411929534962 0.036476361882913831 0.33933168879424125 0.26556599175944323 -2.1301247658398537 -0.24698102278761649 -1.9246247809267314 1 CAMERA 1 101
102 1 0.88729032029677557 0.039810474113140717 0.37088904336173567 0.2712422002062897 -3.7207865632888955 -0.36844982611551175 -1.6900711257921028 1 CAMERA 1 102
103 1 0.88338127103685282 0.025159391620844858 0.3759186434778618 0.27872873637346368 -2.7174272099244936 -0.1342348150747921 -2.5550822845862902 1 CAMERA 1 103
104 1 0.86842330995653172 0.028558914417628735 0.40500635794215034 0.28459654452902799 -4.2948469030288026 -0.26114867444517448 -2.2716580860361635 1 CAMERA 1 104
105 1 0.86174005082263294 0.032378568209907678 0.42063529043535314 0.28181849756403204 -2.6968599924109316 -0.082175602837865944 -2.6012366294799669 1 CAMERA 1 105
106 1 0.84544339790672418 0.035918421671703157 0.44838422418699458 0.28790087777006401 -4.2672976541267591 -0.19100519705683458 -2.2953298715191872 1 CAMERA 1 106
107 1 0.84092496192875665 0.029562674657478475 0.45543807115421764 0.29077039054130166 -3.0701006509369928 -0.0449645953690311 -2.8658022244578079 1 CAMERA 1 107
108 1 0.8239085158569327 0.032613927203725301 0.48130630290554516 0.29741441127519741 -4.6139123502187633 -0.15294875121704513 -2.5487668167514754 1 CAMERA 1 108
109 1 0.82477986529426484 0.031020760985037352 0.48074754653683172 0.29607040158026676 -3.240809150924651 -0.022162292760355549 -2.9149312449122662 1 CAMERA 1 109
110 1 0.80709200979049145 0.033312221998373616 0.50593638646640848 0.30252463775234778 -4.7723757087877425 -0.139044834776056 -2.6020200979760624 1 CAMERA 1 110
111 1 0.80576982287927967 0.022119383547438747 0.50481771341802817 0.30887667705407795 -3.7557017024447652 -0.026861928176026562 -3.1647639285434179 1 CAMERA 1 111
112 1 0.78808208697810234 0.025399892583439759 0.52925152876194459 0.31332776599614204 -5.2788396276477263 -0.14294051071567723 -2.8535815448367474 1 CAMERA 1 112
113 1 0.78396110053641432 0.021504863000690481 0.53524426167753991 0.31377717261509169 -4.0998451764962418 -0.038783855276667119 -3.240656459187027 1 CAMERA 1 113
114 1 0.76574461002997751 0.024073631623564122 0.55775291698347007 0.31932324698794001 -5.589339398449483 -0.14957265252821073 -2.9063584041358981 1 CAMERA 1 114
