# Frame list with one line of data per frame:
#   FRAME_ID, RIG_ID, RIG_FROM_WORLD[QW, QX, QY, QZ, TX, TY, TZ], NUM_DATA_IDS, DATA_IDS[] as (SENSOR_TYPE, SENSOR_ID, DATA_ID)
# Number of frames: 107
1 1 0.90366753192130456 0.15698529365155522 -0.35065352335335598 -0.18916319908552615 5.5791662296278117 -0.85470659844385621 -2.1645710108087348 1 CAMERA 1 1
2 1 0.91647501263345454 0.15408232041656716 -0.32024044367718452 -0.1837885959111607 4.1564880461867073 -0.74891049880790272 -2.390592605136511 1 CAMERA 1 2
3 1 0.91632309938157774 0.15904275391200789 -0.32723762279151586 -0.16725106336756537 5.111674465200001 -1.0659967659242979 -2.0488075081013655 1 CAMERA 1 3
4 1 0.92826500235953857 0.15667662810017421 -0.29657608039624594 -0.16068337853805914 3.7071701176983591 -0.96822686638899302 -2.2243188162708658 1 CAMERA 1 4
5 1 0.93479843750036706 0.14876928165972164 -0.30304244849235035 -0.11038503745111464 4.4573072326926972 -0.76225959922797892 -1.6239487456429813 1 CAMERA 1 5
6 1 0.94575940710791595 0.14725393078954732 -0.27046976137989176 -0.10344820884391803 3.0407692663962331 -0.69612284461766905 -1.7753819100116188 1 CAMERA 1 6
7 1 0.94616391799916133 0.13046305008606524 -0.29042018713556222 -0.058389620163707565 3.9965535952431597 -0.46007016257848676 -1.3486354559947733 1 CAMERA 1 7
8 1 0.95632976015983995 0.13017285863910869 -0.25653188372344393 -0.051766874926415012 2.5707642678424714 -0.41027985006886708 -1.5244335010369587 1 CAMERA 1 8
9 1 0.95094748595962997 0.13766313535759422 -0.27039243072082431 -0.060296546496962457 3.6608732942895688 -0.12166625331912462 -1.1264702933943316 1 CAMERA 1 9
10 1 0.96049988236711525 0.13685296675824926 -0.23610764856545824 -0.054446485204405391 2.2482130457148051 -0.080340012544247372 -1.2867423101957951 1 CAMERA 1 10
11 1 0.95887495937863143 0.1419175507350183 -0.24034221945209858 -0.051515421175031398 3.2745945854587615 -0.24091899618869111 -0.85032890959863949 1 CAMERA 1 11
12 1 0.96727916410306269 0.14102657163647153 -0.2060572893413197 -0.044976863984178793 1.8968907582008776 -0.2125452379980225 -0.96215706211733731 1 CAMERA 1 12
13 1 0.96650099559286007 0.14646099339090868 -0.20656470772648797 -0.041904945469825511 2.8722021217681468 -0.39044590249749156 -0.54882262224737866 1 CAMERA 1 13
14 1 0.97359826452135179 0.14555230073858064 -0.17236946284693702 -0.034780962444647533 1.5320210760662403 -0.37736408613423256 -0.59327391683566411 1 CAMERA 1 14
15 1 0.97361410744059651 0.15156093592454459 -0.16774200761551972 -0.031104201893658791 2.4433431007843467 -0.57706303190114061 -0.16028409118075562 1 CAMERA 1 15
16 1 0.97921063355760651 0.15059947952305006 -0.13387215457338811 -0.02333619774034203 1.1559420687425643 -0.57540215241068937 -0.15521948845521988 1 CAMERA 1 16
17 1 0.97380144764698839 0.14956238276132977 -0.1691238442577945 -0.027183810013475439 2.1987735207180203 0.019104991944977091 -0.17667496657955695 1 CAMERA 1 17
18 1 0.97944653929819281 0.14868378687343384 -0.13479321321571267 -0.020208855701211087 0.89242254383429764 0.023477687824558825 -0.19363335967489892 1 CAMERA 1 18
19 1 0.98112308364207013 0.14025315641228622 -0.13305794808068597 0.0047041804412383832 1.4791411741944447 0.37673587686072657 0.17422551993213933 1 CAMERA 1 19
20 1 0.98518099643892243 0.14010558646169816 -0.098257778908150864 0.011586102963146877 0.19781049153345506 0.37071760132397108 0.17132362786824568 1 CAMERA 1 20
21 1 0.98720427398269395 0.13725852299934097 -0.074169135214340473 0.032966023052511284 0.80348724696352503 0.33688193739668987 0.79888176025077595 1 CAMERA 1 21
22 1 0.98892858020563301 0.13747672005726863 -0.039086570815275549 0.039908077837309555 -0.41667475665356735 0.314598904818368 0.87968416165996399 1 CAMERA 1 22
23 1 0.98928284361725749 0.12722846759446416 -0.045217557774125838 0.055567479941606615 0.43482922781983502 0.44594681665746178 1.1484532538620604 1 CAMERA 1 23
24 1 0.98974682277261217 0.12794102722857953 -0.01002265640110111 0.062704598889403843 -0.75325612959728683 0.41691923124091729 1.2414875177096585 1 CAMERA 1 24
25 1 0.98765872495340612 0.10961477042015447 -0.067825821261799576 0.088963493070537039 -0.11639336569388788 0.39145496869583374 1.1685153861682958 1 CAMERA 1 25
26 1 0.98858157769113353 0.11162912600867998 -0.032168351093092407 0.095971869129443943 -1.3219178926989803 0.35355659736443512 1.2171746127941525 1 CAMERA 1 26
27 1 0.98859830927274395 0.10554688675097808 -0.012949051763580846 0.10660937884948182 -0.66387852947033266 0.41561601707696189 1.6347635494760988 1 CAMERA 1 27
28 1 0.98738092529713795 0.10765034758891169 0.022469063425011249 0.11395372838199279 -1.8146276904069982 0.36140194510655044 1.7811349569068926 1 CAMERA 1 28
29 1 0.98668789693488046 0.099763024389109875 0.035383611453776533 0.12345984386612799 -0.91666371956288273 0.12577883750862123 2.1970840772182534 1 CAMERA 1 29
30 1 0.98362795270224768 0.10202591160775384 0.070845653665883093 0.13056667790843612 -2.011744102434994 0.068885028874857396 2.3946382106740649 1 CAMERA 1 30
31 1 0.98616347199301435 0.10171231748051054 0.042079477374397024 0.12395776927375272 -1.2697715477113347 0.47457931350962251 2.0712934485005969 1 CAMERA 1 31
32 1 0.98288188376758434 0.10405476318946409 0.077720326521646482 0.13067271966419844 -2.3834640607043744 0.42152152030718426 2.2816838784685585 1 CAMERA 1 32
33 1 0.9859789315232379 0.085990828798878358 0.042380931165013784 0.13658323699620842 -1.6344515023678545 0.90949129456961852 1.8713704156597295 1 CAMERA 1 33
34 1 0.98261213114887347 0.088763574920392746 0.078226943013464251 0.14309078542376233 -2.7712925843564715 0.85240505004613865 2.0515623873486346 1 CAMERA 1 34
35 1 0.97966349954829768 0.061102247535663554 0.0963674794110123 0.16504318195806009 -1.9055370326258283 0.47286221055455591 2.383589486214432 1 CAMERA 1 35
36 1 0.97402378765904052 0.065059019973581447 0.13281612272303622 0.17147846086092847 -3.0052523429695754 0.43138082463290428 2.6202136342093643 1 CAMERA 1 36
37 1 0.96942609830845627 0.078136647642236795 0.1621768458945273 0.16675243587240052 -2.217081268452223 0.64324348526905728 3.0867939876205379 1 CAMERA 1 37
38 1 0.96139335150995708 0.081923036801625174 0.19879388030659431 0.17173361018245428 -3.2497558020298332 0.60738023969195587 3.4025718267891136 1 CAMERA 1 38
116 1 -0.1795344785336728 -0.15646492160698691 0.77596905092450741 0.58408743466323676 2.9595520257336476 -7.1835389840927153 3.2870953165918282 1 CAMERA 1 116
118 1 -0.19654610814682966 -0.18375489588784574 0.77942754580205631 0.56577068362947647 3.2929559597893556 -6.6721568044487158 3.1448217745793867 1 CAMERA 1 118
120 1 -0.27029601921057972 -0.18614347644102711 0.74803856123604384 0.57682664560617547 4.1280655361921719 -6.538075692119909 2.4468718557454947 1 CAMERA 1 120
121 1 -0.30846126752576875 -0.1834386451373887 0.74369966362172124 0.56401482270902614 4.7656732193753628 -6.0938123718860622 2.3012815097686516 1 CAMERA 1 121
122 1 -0.3484263414693492 -0.15922504685281838 0.73560777807558941 0.55868386933908942 3.4305388687745593 -6.0858323213562784 2.1316618484295162 1 CAMERA 1 122
123 1 -0.34253836774890595 -0.16844762296667048 0.7571794958249527 0.53006799190204268 4.3564473421598722 -5.1460111172393947 2.3030230389005908 1 CAMERA 1 123
124 1 -0.37121080633679093 -0.16363815030966225 0.74805021503024482 0.52521040432880461 3.1981051947146661 -5.0588625087524397 2.1657505805511095 1 CAMERA 1 124
125 1 -0.36903602868157936 -0.17698253291959273 0.74886698045286193 0.52123683500277196 4.1071912329851985 -4.7963104342106329 2.1132211944150314 1 CAMERA 1 125
126 1 -0.39786578487362728 -0.17123125729751126 0.74168889676835925 0.51213304341912969 2.9552909060210526 -4.7301924196380627 1.978927781635027 1 CAMERA 1 126
127 1 -0.41011044376335454 -0.18411104737474115 0.74619813125873236 0.49102025931398791 3.6974854397071173 -4.0553581002276244 1.9122532040367786 1 CAMERA 1 127
128 1 -0.43602708690580089 -0.17770257710960705 0.7405044517814352 0.47953657886017576 2.5626377316892195 -4.0343721090224456 1.8067748351504325 1 CAMERA 1 128
129 1 -0.43789088377241464 -0.19576009266649763 0.73654923715767529 0.47689074353636274 3.3812282124441899 -3.7324656359651596 1.7043353958429237 1 CAMERA 1 129
130 1 -0.46046804160274951 -0.18999539111874481 0.73122633360301903 0.46602465928494613 2.2594330940688141 -3.7220939922542349 1.6188648242405552 1 CAMERA 1 130
131 1 0.57437282954413582 0.16793430760639427 -0.65849921007874501 -0.4563690516850295 3.8850124202031422 -2.8946718246404788 0.73686434071598639 1 CAMERA 1 131
132 1 0.59892804106791353 0.1633312389856309 -0.64301567037312812 -0.44848517885050249 2.6692677942164122 -2.823961173698379 0.60338656886742914 1 CAMERA 1 132
133 1 0.60570173005272643 0.16226854998712009 -0.63633514024758331 -0.44930159267723513 3.9639398004231272 -2.6958932663947768 0.52790367367704794 1 CAMERA 1 133
134 1 0.63051614263198685 0.15804893845956594 -0.6185219704886139 -0.441475366192913 2.7314018756151737 -2.6137475284566398 0.38959757378378557 1 CAMERA 1 134
135 1 0.74032243924612295 0.16598159782950847 -0.54333794525894241 -0.35938373971623255 2.862243768476497 -1.1246379865604244 0.050168846620645559 1 CAMERA 1 135
136 1 0.76133532680777671 0.15825188411096561 -0.51722862609229436 -0.35749043299157396 1.5322715440653376 -1.078438397267228 -0.085054283255769761 1 CAMERA 1 136
137 1 0.78981454966237397 0.17831198410035146 -0.47773374661270596 -0.34083468252982185 2.3079470001289484 -0.90938680584467746 0.063689163878558316 1 CAMERA 1 137
138 1 0.80845519816783029 0.17112407791397635 -0.4516077518357467 -0.33640330110652644 1.0074370006733193 -0.88385086405210311 -0.039904616533895987 1 CAMERA 1 138
139 1 0.83122359868780649 0.15518187605023684 -0.41278864334502874 -0.33851358946930321 2.8147391988942472 -0.79565706419654469 -0.23210133141291037 1 CAMERA 1 139
140 1 0.84715766363565304 0.14861703029335988 -0.3843878333680194 -0.33538465201735784 1.4971210451714865 -0.74517072248255012 -0.24835078396415555 1 CAMERA 1 140
141 1 0.86648272217242639 0.14041959406619264 -0.3654896845009511 -0.30968907036307025 2.7105221539026121 -0.42270480007252925 -0.26702079466157985 1 CAMERA 1 141
142 1 0.88086471957777257 0.13335179415806769 -0.33535735282236906 -0.30631697750201442 1.3810017463280875 -0.38337602814587524 -0.27169236578552763 1 CAMERA 1 142
143 1 0.89167816919209963 0.13786934166666778 -0.32413967024384954 -0.28431595345466182 2.3758289797202634 -0.16836153406571622 -0.10672729130985534 1 CAMERA 1 143
144 1 0.90480379027916502 0.13067615711750621 -0.29224664816865031 -0.28079483558578289 1.0378073748655712 -0.13935427348899293 -0.093646877814743207 1 CAMERA 1 144
145 1 0.90740440318046334 0.145702107052081 -0.29147480882534732 -0.26538760504122721 1.8553121101884202 -0.045855832860557763 0.17984084077801882 1 CAMERA 1 145
146 1 0.91944819603834882 0.13859812234960933 -0.25886870777601018 -0.26151972663141032 0.53666510977908488 -0.034917093333109446 0.22246175626579276 1 CAMERA 1 146
147 1 0.92341421890652864 0.146772628542782 -0.26054232108840525 -0.24058610673468764 1.2781623422961719 -0.24762956120757695 0.41392022788507682 1 CAMERA 1 147
148 1 0.93432012946982468 0.14011485960308559 -0.22735246452237609 -0.2360605402465637 -0.020948030246268297 -0.24868225335497551 0.48336432415593295 1 CAMERA 1 148
149 1 0.94058013656313022 0.15085866454193053 -0.21785227796423035 -0.21234654464178224 0.65145035282706265 -0.12821201971616697 0.85669131745145866 1 CAMERA 1 149
150 1 0.9500106587327144 0.14439371344839996 -0.18385617800010123 -0.20694711793598541 -0.61215865634171451 -0.14382978923485149 0.9254920796570516 1 CAMERA 1 150
151 1 0.94598877392876468 0.15746156334888003 -0.19560494584343166 -0.20506048090762766 0.37341769293601945 -0.16597389650431563 1.1108646930089934 1 CAMERA 1 151
152 1 0.9546174672848371 0.15090298707594063 -0.16122917870555203 -0.19984727063478938 -0.87288056411606696 -0.18443069699376469 1.1795794847669396 1 CAMERA 1 152
153 1 0.95960107867545874 0.15686826312298682 -0.15119440588537406 -0.17804035907243737 -0.20206843482757275 -0.34366312791032916 1.5340356603450376 1 CAMERA 1 153
154 1 0.96651398817176126 0.15060843284373254 -0.11678942615484043 -0.17183725021977789 -1.3944228388620425 -0.37867229153067583 1.6225478224501344 1 CAMERA 1 154
155 1 0.96803601313239562 0.15052161604552702 -0.12424513398157028 -0.15752037031343358 -0.55299130755288506 -0.50736484313382291 1.7912630202818571 1 CAMERA 1 155
156 1 0.9738156620376005 0.14456301120467424 -0.089817842731428246 -0.15072274973864927 -1.7170982699121677 -0.55160520304719018 1.9078756345372181 1 CAMERA 1 156
157 1 0.97608979165761023 0.12954522416927025 -0.11205042443655903 -0.13383368746441793 -0.78101379328744558 -0.82459848796758983 1.8293628203730703 1 CAMERA 1 157
158 1 0.98117020920680775 0.12438173121119386 -0.077405570555717451 -0.12586732361069447 -1.9356747001130419 -0.87432894870626221 1.9543435226107531 1 CAMERA 1 158
159 1 0.98199576636129338 0.11388258982291292 -0.097881601325858575 -0.11460481100550714 -0.99352736733856895 -1.1681553824197608 1.9090744559255721 1 CAMERA 1 159
160 1 0.98631880883931178 0.10911189869018352 -0.062991394043314261 -0.10631032485372392 -2.1430330797557802 -1.2261598468800337 2.0516030095978013 1 CAMERA 1 160
161 1 0.98735759700652881 0.094953413590129251 -0.08404346913182964 -0.095107939612642772 -1.1922997378298266 -1.5431102439284028 2.0074761410351711 1 CAMERA 1 161
162 1 0.99093263684519928 0.0907961986820989 -0.0486705525121311 -0.086253909233525619 -2.3356798620162893 -1.6081860428623722 2.1867743824082684 1 CAMERA 1 162
163 1 0.99226131105248527 0.096354656464803567 -0.032193511558836603 -0.071392216518777141 -0.75619934824788948 -2.0649205585460995 2.1680008228811483 1 CAMERA 1 163
164 1 0.99380682671800524 0.092644300337149724 0.0026549732050987272 -0.061302331937773326 -1.8426195406141586 -2.1475854976733122 2.4496923605041117 1 CAMERA 1 164
165 1 0.99493061129342675 0.077229677489659837 -0.03305389962637395 -0.055281962208490042 -0.73387026567468294 -1.8244798480072117 2.184681718159315 1 CAMERA 1 165
166 1 0.99622112875176327 0.074095896958993643 0.0022637259217632485 -0.045256339084773806 -1.8288492040670714 -1.891283379604078 2.4381894536169031 1 CAMERA 1 166
167 1 0.9988295772993897 0.039532128297201201 -0.019550878204303287 -0.019860752897528124 -0.79168973955687949 -1.3785090206811779 2.3523121301231975 1 CAMERA 1 167
168 1 0.9991021497600775 0.037558088968135304 0.016500084948931831 -0.010584493116419654 -1.8911243667015858 -1.425759049370056 2.5998800477200148 1 CAMERA 1 168
169 1 0.99979934330565812 0.010426881479006295 0.013417487890994331 0.010607746551124422 -0.97875416384903668 -1.0223616148013519 2.7243330946607291 1 CAMERA 1 169
170 1 0.99852908226373183 0.0095109172289427543 0.049613430199049159 0.019690654405015967 -2.0461163169929164 -1.0432014269312204 2.9869914427712252 1 CAMERA 1 170
171 1 0.99901682509056511 0.017382812263993522 0.038822210970737285 0.012492275977799262 -1.1676871219116325 -1.128460960046014 3.0868997220593353 1 CAMERA 1 171
172 1 0.99684015081504185 0.016224844891701617 0.074790850358340169 0.021279023331938929 -2.1972867101788571 -1.1577206057346416 3.3899475204310687 1 CAMERA 1 172
173 1 0.9997551642120891 0.016207581393463066 0.0025710766890309003 0.014843028710220177 -1.9472505365069259 -1.1427897341685616 3.126801286026724 1 CAMERA 1 173
174 1 0.99882264705230872 0.01535750333017971 0.039128971668328953 0.024215499232138647 -2.9913406876698221 -1.1939020329286933 3.3530088119062582 1 CAMERA 1 174
175 1 0.9990819602882095 0.019930266707821911 0.032788670875143949 0.019050568439425 -2.0902547282290853 -1.211147564197357 3.5205305169779231 1 CAMERA 1 175
176 1 0.99702477084685914 0.019025668812714103 0.069260790562594682 0.027974508657730185 -3.097293086727591 -1.2622235165878701 3.781095117262312 1 CAMERA 1 176
177 1 0.99786120304653436 0.022544659990942382 0.056909507412816404 0.02293612274222585 -2.1869050169102562 -1.2670820770191669 3.8323934534249173 1 CAMERA 1 177
178 1 0.99489016708484301 0.021635641884812332 0.093361308804689139 0.031766656361675187 -3.1621723201184841 -1.3152417709245461 4.1297802508540729 1 CAMERA 1 178
179 1 0.9961230761611124 0.047704480024974641 0.072574870019756058 0.013999570225010173 -2.2998060973593963 -0.36195641462453326 3.8271507639052711 1 CAMERA 1 179
180 1 0.99270824010525194 0.046409012373227802 0.10922770057168624 0.021115468867567672 -3.2841268745079844 -0.41106802359091915 4.1427556080163637 1 CAMERA 1 180
181 1 0.99630788406189807 0.042892799413795632 0.07250463158926565 0.016549510949155254 -2.3140611825741453 -0.2804520267755401 3.7733741061636423 1 CAMERA 1 181
182 1 0.99288259961344705 0.041472502459064899 0.10900999755485276 0.02410384528903247 -3.295603594066288 -0.33547335746822238 4.0955769138833009 1 CAMERA 1 182
183 1 0.99656964465753084 0.034495135294957964 0.072191812519014451 0.021151151112050969 -2.4058071394075191 0.11862268101682101 3.5770071188483294 1 CAMERA 1 183
184 1 0.99308428040953944 0.033378474346463745 0.10887596488360869 0.028557200920836197 -3.4117624585315305 0.068981464044454099 3.8862416894178193 1 CAMERA 1 184
185 1 0.9967687994324721 0.02289039952316952 0.071990193477210959 0.027302053599165009 -2.4901116959923204 0.37693254379408908 3.3971566829632844 1 CAMERA 1 185
186 1 0.9932038496941592 0.022176632525798334 0.10896198638747276 0.034374342830285606 -3.5218943793324216 0.33457222482128851 3.6949617087624698 1 CAMERA 1 186
