# Frame list with one line of data per frame:
#   FRAME_ID, RIG_ID, RIG_FROM_WORLD[QW, QX, QY, QZ, TX, TY, TZ], NUM_DATA_IDS, DATA_IDS[] as (SENSOR_TYPE, SENSOR_ID, DATA_ID)
# Number of frames: 20
1 1 0.99344030440722175 0.0015116037027796043 0.10682817615481627 0.040765394797157822 1.1125074703523772 0.75621127320358417 0.67668661674110975 1 CAMERA 1 1
2 1 0.98652235632134944 -0.06968942034159499 -0.12265927108376863 -0.08289588884753972 4.7027535159964655 -1.2027666353863045 0.2339452468905785 1 CAMERA 1 2
3 1 0.99046854912315629 -0.046368839073388207 -0.10905327971331025 -0.070209444839183996 3.9157790129514183 -1.0512843569458814 1.4112492656014068 1 CAMERA 1 3
4 1 0.99688770623967515 -0.029613218603011745 -0.060597346094893687 -0.040815684220959061 2.7693641209220297 -1.0978838832310749 1.6794419299482248 1 CAMERA 1 4
5 1 0.99967195272900344 0.023112772067200124 -0.0015304514436784767 -0.010929062756212561 2.3027684243214384 -1.3957992448202954 1.858466456443451 1 CAMERA 1 5
6 1 0.99705055901594453 -0.010408011929703895 0.069962592224899797 0.029784085395328168 1.0774279952024164 -1.0169585853566461 0.15448159641395506 1 CAMERA 1 6
7 1 0.98572942455955659 0.018277438437281 0.15476120858215359 0.063658503908338507 0.48774215118123154 0.79497215408738531 1.4026550453796163 1 CAMERA 1 7
8 1 0.94216572417456212 0.032188652926184377 0.30222592265886805 0.14123431058498703 -1.3318450380471096 0.25595218622771887 1.0283359265812253 1 CAMERA 1 8
9 1 0.89557871853192628 0.038863070191501335 0.39245021263962354 0.20593992154780891 -3.1106836516669754 -0.985496698281904 1.151236910348477 1 CAMERA 1 9
10 1 0.85999796568455988 0.017445692966584356 0.45298439816084451 0.23431662731908676 -4.1810282175312539 -1.5519518748114498 0.7204678269490743 1 CAMERA 1 10
25 1 0.98863415732162196 -0.0056568985224214304 0.13867093754102122 0.057800290289649399 -0.81071403924138219 0.82264465065619086 0.80116509691309679 1 CAMERA 1 25
26 1 0.99078200285887008 -0.076792073269144806 -0.093833276969687782 -0.06040957231368492 2.7940406613587072 -1.0430443419293149 0.051482081775368033 1 CAMERA 1 26
27 1 0.99419978830096301 -0.052792972118525718 -0.079421893092506302 -0.049717662201833122 2.0761364608488133 -0.87364283534790899 1.3001003822084958 1 CAMERA 1 27
29 1 0.99942839901532188 0.016686848984001863 0.027387081844315084 0.010694487398117528 0.53358277270371057 -1.259899503949534 1.829359298818571 1 CAMERA 1 29
30 1 0.99358792857034928 -0.017341284350748921 0.099144155531796133 0.051504800555250974 -0.80591973780530279 -0.95976487282848322 0.18268025244524946 1 CAMERA 1 30
31 1 0.97915315470386988 0.01144013350380718 0.18607136976599858 0.080657723326905961 -1.370596685017921 0.86177005871796819 1.5637510592397612 1 CAMERA 1 31
32 1 0.92985453375403526 0.02431161351768861 0.33166565769219636 0.15740833209469912 -3.1724373862128106 0.22854370292689566 1.2682821193289704 1 CAMERA 1 32
33 1 0.87941300792008625 0.030308455092636265 0.41937170700201482 0.2232521677768449 -4.8769104939956875 -1.1060698511244589 1.4276005654854278 1 CAMERA 1 33
34 1 0.84145234978148697 0.0086078771015807472 0.47784968086101015 0.25207842033789624 -5.9248549230946956 -1.7148966110238504 1.0486678302084693 1 CAMERA 1 34
38 1 0.99866243931562837 -0.036159372623657704 -0.030560979741290815 -0.0207812075894299 0.94492927792099368 -0.94976728006623823 1.6534849825537594 1 CAMERA 1 38
