# Frame list with one line of data per frame:
#   FRAME_ID, RIG_ID, RIG_FROM_WORLD[QW, QX, QY, QZ, TX, TY, TZ], NUM_DATA_IDS, DATA_IDS[] as (SENSOR_TYPE, SENSOR_ID, DATA_ID)
# Number of frames: 14
18 1 0.89692593180798608 0.19666734337989511 0.38391886593017305 0.09722208227126336 -3.1828420268964086 0.32500668718776343 0.66912032081110784 1 CAMERA 1 18
19 1 0.9494940109850295 0.19811588901222502 0.23720004702907102 0.054289550687614312 -0.92446819839816796 1.0495399614780283 0.70099585204185599 1 CAMERA 1 19
20 1 0.97398816355160522 0.15930074332790359 0.15517018315447761 0.043503387182552561 0.10936711021690836 -0.97200947281128391 -0.43199884805815342 1 CAMERA 1 20
21 1 0.89309150316780261 0.41171403604005535 0.17073342420023693 0.061067318247528063 -5.0604014687625778 11.497854506142346 9.3275166837436068 1 CAMERA 1 21
22 1 0.98889410508480902 0.14046218960812026 -0.04853032515872701 -0.0019051926399923031 6.7492457010415521 -1.5098132977049532 1.2873282951456781 1 CAMERA 1 22
23 1 0.9895935455223277 0.13968857818814837 -0.03336574439527238 -0.0088567988162587697 3.3075947317500347 -0.85736925362299299 2.1455228899348682 1 CAMERA 1 23
24 1 0.99070740634588639 0.12391178012822314 -0.053030610569238003 -0.018233488407749781 4.0783071634942454 -0.81432136584621062 1.8773421558295127 1 CAMERA 1 24
42 1 0.87840296618094804 0.18831082385252146 0.42619252309135508 0.10633529933903341 -5.2028537360496063 0.2089553431137311 1.1496925693421416 1 CAMERA 1 42
43 1 0.93809886586160973 0.19170826129674465 0.28060879615715023 0.066911612885775393 -2.9345389474891386 1.0471619991910777 1.1226533502427218 1 CAMERA 1 43
44 1 0.96612306626176847 0.15161287895794268 0.20061293538856684 0.05808791548872818 -2.0248818457470263 -0.99182867685268805 -0.49257518053898558 1 CAMERA 1 44
45 1 0.97463410347400725 0.18372496368246502 0.12129628662944832 0.040258078881161889 -0.31203428259801197 -1.005026576301733 0.84587004531509402 1 CAMERA 1 45
46 1 0.9872412458153399 0.14425973929795932 0.064062909529043574 0.020971261319577213 0.3587532539567751 -0.7754932560431923 1.1505049869047961 1 CAMERA 1 46
47 1 0.99086003889636409 0.13476136146320125 0.0038622504594199398 0.00456528161992442 1.9044600840723152 -0.59401739328134395 1.4824501129956915 1 CAMERA 1 47
48 1 0.99318973636437602 0.11543315902625344 -0.015541551654422293 -0.0027916930085600936 2.6335100229678789 -0.77758040317533639 1.249238503389223 1 CAMERA 1 48
